6.666666666666667407e-01
1.666666666666666852e-01
1.666666666666666852e-01
1.666666666666666852e-01
1.666666666666666852e-01
2.166666666666667018e-01
6.666666666666667407e-01
1.666666666666666852e-01
1.666666666666666852e-01
2.166666666666667018e-01
1.916666666666666796e-01
1.916666666666666796e-01
1.916666666666666796e-01
2.166666666666667018e-01
2.416666666666666963e-01
1.916666666666666796e-01
1.666666666666666852e-01
1.916666666666666796e-01
2.416666666666666963e-01
1.666666666666666852e-01
1.916666666666666796e-01
6.666666666666667407e-01
6.666666666666667407e-01
1.916666666666666796e-01
1.666666666666666852e-01
1.666666666666666852e-01
1.666666666666666852e-01
1.916666666666666796e-01
1.666666666666666852e-01
1.916666666666666796e-01
1.666666666666666852e-01
2.416666666666666963e-01
1.666666666666666852e-01
2.166666666666667018e-01
1.666666666666666852e-01
1.666666666666666852e-01
1.916666666666666796e-01
1.666666666666666852e-01
1.916666666666666796e-01
2.916666666666666852e-01
1.666666666666666852e-01
2.416666666666666963e-01
2.166666666666667018e-01
1.666666666666666852e-01
1.666666666666666852e-01
2.166666666666667018e-01
1.916666666666666796e-01
1.666666666666666852e-01
1.916666666666666796e-01
1.666666666666666852e-01
