1.666666666666666852e-01
1.666666666666666852e-01
3.416666666666667296e-01
4.916666666666666963e-01
3.666666666666666963e-01
4.666666666666667296e-01
4.166666666666667407e-01
4.166666666666667407e-01
4.416666666666667074e-01
3.916666666666667185e-01
3.416666666666667296e-01
4.416666666666667074e-01
1.666666666666666852e-01
1.666666666666666852e-01
4.166666666666667407e-01
4.166666666666667407e-01
2.916666666666666852e-01
5.416666666666667407e-01
3.666666666666666963e-01
4.166666666666667407e-01
3.416666666666667296e-01
4.666666666666667296e-01
3.166666666666667074e-01
4.916666666666666963e-01
3.416666666666667296e-01
4.666666666666667296e-01
2.666666666666667185e-01
5.166666666666667185e-01
3.916666666666667185e-01
3.666666666666666963e-01
2.916666666666666852e-01
5.166666666666667185e-01
4.416666666666667074e-01
3.916666666666667185e-01
4.916666666666666963e-01
3.166666666666667074e-01
3.666666666666666963e-01
3.916666666666667185e-01
3.916666666666667185e-01
4.416666666666667074e-01
3.666666666666666963e-01
4.416666666666667074e-01
1.666666666666666852e-01
1.666666666666666852e-01
1.666666666666666852e-01
1.666666666666666852e-01
3.666666666666666963e-01
4.416666666666667074e-01
4.166666666666667407e-01
4.166666666666667407e-01
4.416666666666667074e-01
3.916666666666667185e-01
4.416666666666667074e-01
3.916666666666667185e-01
3.916666666666667185e-01
4.166666666666667407e-01
5.416666666666667407e-01
2.916666666666666852e-01
4.166666666666667407e-01
3.916666666666667185e-01
3.666666666666666963e-01
4.666666666666667296e-01
3.666666666666666963e-01
3.916666666666667185e-01
4.166666666666667407e-01
4.166666666666667407e-01
3.916666666666667185e-01
3.916666666666667185e-01
3.416666666666667296e-01
4.916666666666666963e-01
3.416666666666667296e-01
4.916666666666666963e-01
3.416666666666667296e-01
4.666666666666667296e-01
4.166666666666667407e-01
4.166666666666667407e-01
4.416666666666667074e-01
3.666666666666666963e-01
3.166666666666667074e-01
3.916666666666667185e-01
3.916666666666667185e-01
4.416666666666667074e-01
3.166666666666667074e-01
4.416666666666667074e-01
4.166666666666667407e-01
3.666666666666666963e-01
4.916666666666666963e-01
3.416666666666667296e-01
5.166666666666667185e-01
3.166666666666667074e-01
4.166666666666667407e-01
3.666666666666666963e-01
3.666666666666666963e-01
4.416666666666667074e-01
4.416666666666667074e-01
3.916666666666667185e-01
4.916666666666666963e-01
3.166666666666667074e-01
3.166666666666667074e-01
5.166666666666667185e-01
