3.958168902920284338e-01
3.846356222046830031e-01
4.094975006577216692e-01
4.160747171796895794e-01
4.317284925019732045e-01
4.000263088660879207e-01
4.215995790581426039e-01
4.034464614575112296e-01
4.177847934754012615e-01
4.085766903446461651e-01
4.125230202578268890e-01
4.135753749013417746e-01
3.693764798737174671e-01
3.576690344646146213e-01
4.158116285188108718e-01
4.109444882925546438e-01
4.223888450407787820e-01
4.073927913706919535e-01
4.172586161536437910e-01
4.094975006577216692e-01
4.126545645882662705e-01
4.046303604314654412e-01
4.159431728492501978e-01
4.089713233359642541e-01
4.248881873191265868e-01
4.037095501183899371e-01
4.183109707971586766e-01
4.033149171270718480e-01
4.169955274927650835e-01
4.075243357011313350e-01
4.160747171796895794e-01
4.079189686924493685e-01
4.196264141015522697e-01
4.081820573533280760e-01
4.194948697711128882e-01
4.066035253880557754e-01
4.184425151275980026e-01
4.100236779794790842e-01
4.044988161010260597e-01
4.218626677190213115e-01
4.223888450407787820e-01
3.983162325703762385e-01
3.293870034201525909e-01
3.150486714022625589e-01
3.888450407787424346e-01
3.959484346224678153e-01
4.188371481189160916e-01
4.059458037358590343e-01
4.142330965535385712e-01
4.139700078926598636e-01
4.209418574059458074e-01
4.055511707445409453e-01
4.181794264667192951e-01
4.094975006577216692e-01
4.059458037358590343e-01
4.144961852144172787e-01
4.212049460668245704e-01
4.088397790055248726e-01
4.146277295448566602e-01
4.080505130228887500e-01
4.180478821362799691e-01
4.119968429360694739e-01
4.097605893186003767e-01
4.051565377532228562e-01
4.135753749013417746e-01
4.144961852144172787e-01
4.189686924493554732e-01
4.044988161010260597e-01
4.250197316495659128e-01
4.043672717705867337e-01
4.260720862930807984e-01
4.030518284661931405e-01
4.239673770060510827e-01
4.042357274401473521e-01
4.118652986056301479e-01
4.135753749013417746e-01
4.210734017363851889e-01
4.073927913706919535e-01
4.127861089187056520e-01
4.068666140489345384e-01
4.138384635622204821e-01
4.104183109707971733e-01
4.185740594580373841e-01
4.014732965009208399e-01
4.123914759273875630e-01
4.130491975795843596e-01
4.209418574059458074e-01
4.059458037358590343e-01
4.205472244146277738e-01
4.064719810576164494e-01
4.202841357537490663e-01
4.042357274401473521e-01
4.227834780320968711e-01
4.042357274401473521e-01
4.171270718232044650e-01
4.077874243620100425e-01
4.289660615627466922e-01
3.981846882399369125e-01
4.196264141015522697e-01
4.067350697184951569e-01
4.141015522230991897e-01
4.121283872665088555e-01
4.144961852144172787e-01
4.154169955274927828e-01
4.202841357537490663e-01
4.055511707445409453e-01
4.231781110234149046e-01
4.048934490923441487e-01
4.191002367797947992e-01
4.060773480662983603e-01
4.219942120494606930e-01
4.055511707445409453e-01
4.166008945014469944e-01
4.079189686924493685e-01
4.193633254406735622e-01
4.077874243620100425e-01
4.208103130755064814e-01
4.093659563272823432e-01
4.118652986056301479e-01
4.137069192317811561e-01
4.022625624835569624e-01
3.852933438568797997e-01
4.179163378058405875e-01
4.072612470402525719e-01
4.146277295448566602e-01
4.085766903446461651e-01
4.134438305709024486e-01
4.100236779794790842e-01
4.113391212838726774e-01
4.135753749013417746e-01
4.179163378058405875e-01
4.117337542751907664e-01
4.075243357011313350e-01
4.156800841883714903e-01
4.068666140489345384e-01
4.139700078926598636e-01
3.734543541173375725e-01
3.599052880820836631e-01
4.212049460668245704e-01
4.051565377532228562e-01
4.225203893712181080e-01
3.983162325703762385e-01
4.058142594054196528e-01
4.191002367797947992e-01
4.155485398579321643e-01
4.093659563272823432e-01
4.138384635622204821e-01
4.046303604314654412e-01
4.173901604840831725e-01
4.075243357011313350e-01
4.209418574059458074e-01
4.069981583793738644e-01
4.184425151275980026e-01
4.092344119968429617e-01
4.184425151275980026e-01
4.091028676664035801e-01
4.068666140489345384e-01
4.197579584319915957e-01
4.176532491449618800e-01
4.031833727966324665e-01
4.101552223099184658e-01
4.087082346750855466e-01
4.150223625361746937e-01
4.105498553012365548e-01
4.183109707971586766e-01
4.096290449881610507e-01
4.226519337016574895e-01
4.059458037358590343e-01
4.129176532491449780e-01
3.988424098921336536e-01
4.227834780320968711e-01
4.025256511444357255e-01
4.247566429886872053e-01
4.018679294922389289e-01
4.183109707971586766e-01
4.068666140489345384e-01
4.205472244146277738e-01
4.038410944488292631e-01
4.152854511970534568e-01
4.084451460142068391e-01
4.229150223625361971e-01
4.055511707445409453e-01
4.151539068666140753e-01
4.126545645882662705e-01
4.173901604840831725e-01
4.089713233359642541e-01
3.472770323599053133e-01
3.372796632465140942e-01
4.227834780320968711e-01
4.055511707445409453e-01
4.134438305709024486e-01
4.026571954748750515e-01
4.198895027624309773e-01
3.980531439094975310e-01
4.013417521704814583e-01
3.962115232833465228e-01
4.179163378058405875e-01
4.104183109707971733e-01
4.191002367797947992e-01
4.043672717705867337e-01
3.852933438568797997e-01
3.685872138910813445e-01
3.771375953696395888e-01
3.531965272296764269e-01
4.265982636148382134e-01
3.995001315443304502e-01
4.222573007103394005e-01
4.060773480662983603e-01
4.147592738752959862e-01
4.080505130228887500e-01
4.176532491449618800e-01
4.114706656143120589e-01
4.242304656669297902e-01
4.035780057879505556e-01
4.158116285188108718e-01
4.072612470402525719e-01
4.164693501710076684e-01
4.097605893186003767e-01
4.213364903972638964e-01
4.031833727966324665e-01
4.262036306235201799e-01
4.031833727966324665e-01
4.213364903972638964e-01
4.083136016837674576e-01
4.133122862404630671e-01
4.133122862404630671e-01
4.159431728492501978e-01
3.968692449355433194e-01
4.201525914233096848e-01
4.046303604314654412e-01
4.281767955801105141e-01
4.017363851617995474e-01
4.227834780320968711e-01
4.016048408313602214e-01
4.135753749013417746e-01
4.139700078926598636e-01
4.210734017363851889e-01
4.067350697184951569e-01
4.085766903446461651e-01
4.179163378058405875e-01
4.117337542751907664e-01
4.116022099447513849e-01
4.223888450407787820e-01
4.016048408313602214e-01
4.134438305709024486e-01
4.096290449881610507e-01
4.215995790581426039e-01
4.060773480662983603e-01
4.151539068666140753e-01
4.080505130228887500e-01
4.147592738752959862e-01
4.134438305709024486e-01
4.276506182583530991e-01
4.005524861878453358e-01
4.098921336490397582e-01
3.972638779268613529e-01
4.212049460668245704e-01
4.073927913706919535e-01
4.176532491449618800e-01
4.063404367271770679e-01
4.209418574059458074e-01
4.062088923967377418e-01
4.162062615101289609e-01
4.037095501183899371e-01
4.258089976322020909e-01
3.979215995790581495e-01
3.317548013680610697e-01
3.167587476979742411e-01
4.176532491449618800e-01
4.044988161010260597e-01
4.126545645882662705e-01
4.073927913706919535e-01
4.080505130228887500e-01
3.845040778742436216e-01
4.131807419100236856e-01
4.156800841883714903e-01
4.125230202578268890e-01
4.100236779794790842e-01
4.160747171796895794e-01
4.084451460142068391e-01
4.213364903972638964e-01
3.995001315443304502e-01
4.206787687450670998e-01
4.022625624835569624e-01
4.181794264667192951e-01
4.021310181531176364e-01
4.139700078926598636e-01
4.122599315969481815e-01
4.169955274927650835e-01
4.066035253880557754e-01
4.196264141015522697e-01
4.071297027098132459e-01
4.180478821362799691e-01
4.092344119968429617e-01
4.231781110234149046e-01
4.030518284661931405e-01
4.230465666929755786e-01
3.981846882399369125e-01
4.227834780320968711e-01
4.023941068139963440e-01
4.272559852670350100e-01
4.023941068139963440e-01
4.185740594580373841e-01
4.110760326229939698e-01
4.052880820836622378e-01
4.159431728492501978e-01
4.237042883451723752e-01
4.052880820836622378e-01
4.226519337016574895e-01
4.013417521704814583e-01
3.946329913180742222e-01
3.737174427782162800e-01
4.226519337016574895e-01
4.026571954748750515e-01
4.181794264667192951e-01
4.089713233359642541e-01
4.039726387792686446e-01
4.180478821362799691e-01
4.218626677190213115e-01
4.051565377532228562e-01
4.171270718232044650e-01
4.042357274401473521e-01
4.141015522230991897e-01
4.121283872665088555e-01
4.146277295448566602e-01
4.148908182057353677e-01
4.226519337016574895e-01
3.995001315443304502e-01
4.044988161010260597e-01
3.966061562746646119e-01
4.094975006577216692e-01
4.129176532491449780e-01
3.709550118389897677e-01
3.588529334385688330e-01
4.206787687450670998e-01
4.080505130228887500e-01
4.126545645882662705e-01
4.134438305709024486e-01
4.162062615101289609e-01
4.059458037358590343e-01
3.809523809523809867e-01
3.656932386214154507e-01
4.258089976322020909e-01
3.962115232833465228e-01
4.230465666929755786e-01
4.033149171270718480e-01
4.184425151275980026e-01
4.064719810576164494e-01
4.197579584319915957e-01
4.072612470402525719e-01
3.710865561694291492e-01
3.602999210734017521e-01
4.017363851617995474e-01
4.022625624835569624e-01
4.260720862930807984e-01
3.921336490397264174e-01
4.096290449881610507e-01
4.155485398579321643e-01
4.268613522757169210e-01
4.014732965009208399e-01
4.101552223099184658e-01
4.163378058405682869e-01
4.200210470928703033e-01
4.094975006577216692e-01
4.230465666929755786e-01
4.006840305182846618e-01
4.109444882925546438e-01
4.135753749013417746e-01
3.600368324125230446e-01
3.489871086556169399e-01
4.169955274927650835e-01
4.017363851617995474e-01
4.173901604840831725e-01
4.073927913706919535e-01
3.831886345698500840e-01
3.646408839779005651e-01
4.063404367271770679e-01
3.963430676137858488e-01
4.077874243620100425e-01
4.151539068666140753e-01
4.202841357537490663e-01
4.073927913706919535e-01
4.233096553538542861e-01
4.048934490923441487e-01
4.151539068666140753e-01
4.123914759273875630e-01
4.172586161536437910e-01
4.050249934227835302e-01
4.075243357011313350e-01
4.089713233359642541e-01
4.016048408313602214e-01
3.799000263088661011e-01
4.277821625887924251e-01
3.888450407787424346e-01
4.255459089713233833e-01
3.941068139963168071e-01
4.184425151275980026e-01
4.091028676664035801e-01
4.251512759800052943e-01
4.019994738226782549e-01
4.176532491449618800e-01
4.085766903446461651e-01
4.122599315969481815e-01
4.048934490923441487e-01
4.146277295448566602e-01
4.117337542751907664e-01
4.185740594580373841e-01
4.083136016837674576e-01
4.169955274927650835e-01
4.105498553012365548e-01
4.248881873191265868e-01
4.035780057879505556e-01
4.184425151275980026e-01
4.081820573533280760e-01
4.131807419100236856e-01
4.104183109707971733e-01
4.169955274927650835e-01
4.055511707445409453e-01
4.184425151275980026e-01
4.071297027098132459e-01
4.148908182057353677e-01
3.972638779268613529e-01
4.206787687450670998e-01
4.067350697184951569e-01
4.152854511970534568e-01
4.073927913706919535e-01
4.219942120494606930e-01
4.073927913706919535e-01
4.179163378058405875e-01
4.064719810576164494e-01
4.146277295448566602e-01
4.079189686924493685e-01
4.162062615101289609e-01
4.125230202578268890e-01
4.239673770060510827e-01
4.062088923967377418e-01
4.164693501710076684e-01
4.091028676664035801e-01
4.077874243620100425e-01
4.141015522230991897e-01
4.226519337016574895e-01
4.056827150749802713e-01
4.129176532491449780e-01
4.077874243620100425e-01
3.845040778742436216e-01
3.802946593001841902e-01
4.172586161536437910e-01
4.102867666403578473e-01
4.156800841883714903e-01
4.092344119968429617e-01
4.166008945014469944e-01
4.093659563272823432e-01
4.194948697711128882e-01
4.069981583793738644e-01
4.079189686924493685e-01
4.192317811102341807e-01
4.026571954748750515e-01
4.180478821362799691e-01
4.223888450407787820e-01
4.038410944488292631e-01
4.205472244146277738e-01
4.067350697184951569e-01
3.960799789529071413e-01
4.014732965009208399e-01
3.727966324651407759e-01
3.559589581689029392e-01
4.142330965535385712e-01
4.130491975795843596e-01
4.201525914233096848e-01
4.063404367271770679e-01
4.205472244146277738e-01
4.030518284661931405e-01
4.152854511970534568e-01
4.073927913706919535e-01
4.221257563799000745e-01
3.963430676137858488e-01
4.204156800841883923e-01
4.096290449881610507e-01
4.197579584319915957e-01
4.060773480662983603e-01
4.118652986056301479e-01
4.067350697184951569e-01
4.222573007103394005e-01
4.039726387792686446e-01
4.151539068666140753e-01
4.050249934227835302e-01
4.110760326229939698e-01
4.164693501710076684e-01
4.189686924493554732e-01
4.091028676664035801e-01
4.137069192317811561e-01
4.067350697184951569e-01
4.097605893186003767e-01
4.162062615101289609e-01
4.166008945014469944e-01
3.930544593528019215e-01
4.100236779794790842e-01
3.946329913180742222e-01
4.151539068666140753e-01
4.105498553012365548e-01
4.181794264667192951e-01
4.117337542751907664e-01
4.143646408839779527e-01
4.127861089187056520e-01
4.188371481189160916e-01
4.094975006577216692e-01
4.231781110234149046e-01
4.034464614575112296e-01
4.202841357537490663e-01
4.056827150749802713e-01
3.641147066561431500e-01
3.470139436990266057e-01
4.143646408839779527e-01
4.118652986056301479e-01
4.183109707971586766e-01
4.101552223099184658e-01
4.051565377532228562e-01
4.148908182057353677e-01
4.172586161536437910e-01
4.058142594054196528e-01
4.187056037884767656e-01
4.022625624835569624e-01
4.043672717705867337e-01
4.147592738752959862e-01
4.201525914233096848e-01
4.069981583793738644e-01
4.130491975795843596e-01
4.116022099447513849e-01
4.133122862404630671e-01
4.108129439621152623e-01
4.125230202578268890e-01
4.091028676664035801e-01
4.212049460668245704e-01
4.048934490923441487e-01
4.173901604840831725e-01
4.116022099447513849e-01
4.144961852144172787e-01
4.102867666403578473e-01
4.239673770060510827e-01
4.004209418574059542e-01
3.679294922388845479e-01
3.599052880820836631e-01
4.205472244146277738e-01
4.060773480662983603e-01
3.893712181004999051e-01
3.796369376479873936e-01
4.176532491449618800e-01
4.110760326229939698e-01
4.225203893712181080e-01
3.984477769008156200e-01
4.130491975795843596e-01
4.117337542751907664e-01
4.254143646408840018e-01
4.027887398053144330e-01
4.085766903446461651e-01
3.992370428834517426e-01
4.301499605367009038e-01
3.922651933701657989e-01
4.177847934754012615e-01
4.104183109707971733e-01
3.867403314917127188e-01
3.656932386214154507e-01
4.209418574059458074e-01
4.071297027098132459e-01
4.240989213364904087e-01
4.014732965009208399e-01
4.118652986056301479e-01
4.168639831623257574e-01
4.150223625361746937e-01
4.131807419100236856e-01
4.142330965535385712e-01
4.112075769534333514e-01
4.176532491449618800e-01
4.102867666403578473e-01
4.084451460142068391e-01
4.166008945014469944e-01
4.229150223625361971e-01
4.062088923967377418e-01
4.168639831623257574e-01
4.067350697184951569e-01
4.079189686924493685e-01
4.125230202578268890e-01
4.212049460668245704e-01
4.058142594054196528e-01
4.155485398579321643e-01
4.116022099447513849e-01
4.185740594580373841e-01
4.091028676664035801e-01
4.200210470928703033e-01
4.069981583793738644e-01
4.102867666403578473e-01
4.175217048145224985e-01
3.492501973164957030e-01
3.529334385687977194e-01
4.176532491449618800e-01
4.089713233359642541e-01
4.172586161536437910e-01
4.010786635096027508e-01
4.183109707971586766e-01
4.104183109707971733e-01
4.214680347277032779e-01
4.066035253880557754e-01
4.222573007103394005e-01
4.043672717705867337e-01
4.134438305709024486e-01
4.102867666403578473e-01
4.196264141015522697e-01
4.100236779794790842e-01
4.171270718232044650e-01
4.112075769534333514e-01
4.112075769534333514e-01
4.012102078400421323e-01
4.151539068666140753e-01
4.116022099447513849e-01
4.067350697184951569e-01
4.026571954748750515e-01
4.089713233359642541e-01
4.110760326229939698e-01
4.069981583793738644e-01
4.130491975795843596e-01
4.272559852670350100e-01
3.967377006051039379e-01
4.193633254406735622e-01
4.083136016837674576e-01
4.175217048145224985e-01
4.075243357011313350e-01
4.181794264667192951e-01
4.067350697184951569e-01
4.256774533017627093e-01
3.980531439094975310e-01
4.196264141015522697e-01
4.098921336490397582e-01
4.102867666403578473e-01
4.058142594054196528e-01
4.118652986056301479e-01
4.123914759273875630e-01
4.240989213364904087e-01
4.055511707445409453e-01
4.205472244146277738e-01
4.004209418574059542e-01
4.234411996842936121e-01
3.962115232833465228e-01
4.016048408313602214e-01
4.017363851617995474e-01
4.239673770060510827e-01
4.021310181531176364e-01
4.248881873191265868e-01
3.997632202052091577e-01
4.218626677190213115e-01
4.012102078400421323e-01
4.177847934754012615e-01
4.068666140489345384e-01
4.150223625361746937e-01
4.062088923967377418e-01
4.105498553012365548e-01
4.141015522230991897e-01
3.663509602736122472e-01
3.517495395948435077e-01
4.218626677190213115e-01
4.067350697184951569e-01
4.163378058405682869e-01
4.113391212838726774e-01
4.248881873191265868e-01
4.035780057879505556e-01
4.084451460142068391e-01
4.155485398579321643e-01
4.180478821362799691e-01
4.060773480662983603e-01
4.223888450407787820e-01
3.895027624309392311e-01
4.154169955274927828e-01
4.076558800315706610e-01
4.180478821362799691e-01
4.094975006577216692e-01
4.213364903972638964e-01
4.041041831097079706e-01
4.206787687450670998e-01
4.019994738226782549e-01
4.126545645882662705e-01
4.054196264141015638e-01
4.202841357537490663e-01
4.062088923967377418e-01
4.250197316495659128e-01
3.984477769008156200e-01
4.117337542751907664e-01
4.058142594054196528e-01
3.658247829518547767e-01
3.506971849513286221e-01
4.219942120494606930e-01
3.983162325703762385e-01
4.139700078926598636e-01
4.056827150749802713e-01
4.130491975795843596e-01
4.093659563272823432e-01
4.222573007103394005e-01
4.046303604314654412e-01
4.202841357537490663e-01
4.017363851617995474e-01
4.196264141015522697e-01
4.101552223099184658e-01
4.152854511970534568e-01
4.093659563272823432e-01
4.096290449881610507e-01
3.845040778742436216e-01
4.175217048145224985e-01
4.089713233359642541e-01
4.077874243620100425e-01
4.122599315969481815e-01
4.119968429360694739e-01
4.144961852144172787e-01
3.896343067613786126e-01
4.017363851617995474e-01
4.138384635622204821e-01
4.108129439621152623e-01
4.219942120494606930e-01
4.034464614575112296e-01
4.214680347277032779e-01
4.041041831097079706e-01
4.193633254406735622e-01
4.073927913706919535e-01
4.076558800315706610e-01
4.048934490923441487e-01
4.160747171796895794e-01
4.017363851617995474e-01
4.162062615101289609e-01
4.087082346750855466e-01
4.081820573533280760e-01
4.105498553012365548e-01
4.221257563799000745e-01
4.048934490923441487e-01
4.212049460668245704e-01
3.985793212312549461e-01
4.108129439621152623e-01
4.150223625361746937e-01
4.212049460668245704e-01
4.039726387792686446e-01
4.146277295448566602e-01
4.093659563272823432e-01
4.231781110234149046e-01
4.031833727966324665e-01
4.189686924493554732e-01
3.983162325703762385e-01
4.206787687450670998e-01
4.091028676664035801e-01
4.185740594580373841e-01
4.069981583793738644e-01
4.173901604840831725e-01
4.060773480662983603e-01
4.160747171796895794e-01
4.130491975795843596e-01
4.243620099973691162e-01
3.956853459615891078e-01
4.258089976322020909e-01
3.983162325703762385e-01
4.167324388318863759e-01
4.106813996316758808e-01
4.212049460668245704e-01
4.043672717705867337e-01
4.226519337016574895e-01
3.975269665877401160e-01
4.159431728492501978e-01
4.113391212838726774e-01
4.175217048145224985e-01
4.080505130228887500e-01
4.218626677190213115e-01
4.075243357011313350e-01
3.443830570902394195e-01
3.375427519073928018e-01
4.193633254406735622e-01
4.029202841357537590e-01
4.167324388318863759e-01
4.106813996316758808e-01
4.117337542751907664e-01
4.047619047619047672e-01
4.130491975795843596e-01
4.116022099447513849e-01
4.237042883451723752e-01
4.044988161010260597e-01
4.175217048145224985e-01
4.068666140489345384e-01
4.194948697711128882e-01
4.025256511444357255e-01
4.192317811102341807e-01
4.056827150749802713e-01
4.198895027624309773e-01
4.085766903446461651e-01
4.160747171796895794e-01
3.983162325703762385e-01
4.212049460668245704e-01
4.001578531965272467e-01
4.106813996316758808e-01
4.158116285188108718e-01
4.172586161536437910e-01
4.100236779794790842e-01
4.051565377532228562e-01
4.114706656143120589e-01
4.189686924493554732e-01
4.091028676664035801e-01
4.162062615101289609e-01
4.067350697184951569e-01
4.215995790581426039e-01
4.037095501183899371e-01
4.150223625361746937e-01
4.043672717705867337e-01
4.208103130755064814e-01
4.084451460142068391e-01
4.158116285188108718e-01
4.101552223099184658e-01
4.166008945014469944e-01
4.021310181531176364e-01
4.138384635622204821e-01
4.056827150749802713e-01
4.114706656143120589e-01
4.073927913706919535e-01
4.158116285188108718e-01
4.114706656143120589e-01
4.180478821362799691e-01
4.083136016837674576e-01
4.166008945014469944e-01
4.094975006577216692e-01
4.171270718232044650e-01
4.087082346750855466e-01
4.280452512496711881e-01
4.005524861878453358e-01
4.196264141015522697e-01
4.029202841357537590e-01
4.219942120494606930e-01
4.059458037358590343e-01
3.968692449355433194e-01
3.858195211786372147e-01
4.166008945014469944e-01
4.056827150749802713e-01
4.146277295448566602e-01
4.072612470402525719e-01
4.234411996842936121e-01
4.027887398053144330e-01
4.183109707971586766e-01
4.058142594054196528e-01
4.168639831623257574e-01
4.096290449881610507e-01
4.209418574059458074e-01
4.035780057879505556e-01
4.134438305709024486e-01
4.129176532491449780e-01
4.230465666929755786e-01
3.988424098921336536e-01
4.191002367797947992e-01
4.110760326229939698e-01
4.205472244146277738e-01
3.891081294396211976e-01
4.192317811102341807e-01
4.055511707445409453e-01
4.151539068666140753e-01
4.101552223099184658e-01
4.217311233885819854e-01
4.037095501183899371e-01
4.077874243620100425e-01
4.113391212838726774e-01
4.197579584319915957e-01
3.971323335964220269e-01
4.210734017363851889e-01
4.034464614575112296e-01
4.214680347277032779e-01
4.056827150749802713e-01
4.125230202578268890e-01
4.163378058405682869e-01
3.680610365693238739e-01
3.510918179426467112e-01
4.138384635622204821e-01
4.091028676664035801e-01
4.230465666929755786e-01
4.030518284661931405e-01
4.214680347277032779e-01
4.063404367271770679e-01
4.135753749013417746e-01
4.134438305709024486e-01
4.163378058405682869e-01
4.118652986056301479e-01
3.508287292817680036e-01
3.380689292291502723e-01
4.123914759273875630e-01
4.135753749013417746e-01
4.177847934754012615e-01
4.018679294922389289e-01
4.134438305709024486e-01
4.139700078926598636e-01
4.188371481189160916e-01
4.084451460142068391e-01
4.263351749539595059e-01
4.017363851617995474e-01
4.191002367797947992e-01
4.035780057879505556e-01
4.121283872665088555e-01
4.077874243620100425e-01
4.152854511970534568e-01
4.138384635622204821e-01
4.183109707971586766e-01
4.083136016837674576e-01
4.160747171796895794e-01
4.121283872665088555e-01
3.704288345172323527e-01
3.571428571428571508e-01
