2.195474875032886186e-01
1.744277821625888070e-01
1.682451986319389858e-01
1.749539594843462498e-01
1.736385161799526566e-01
1.739016048408313642e-01
2.729544856616680226e-01
1.732438831886345676e-01
1.702183635885293478e-01
1.732438831886345676e-01
1.827150749802683716e-01
1.750855038147856035e-01
1.714022625624835594e-01
1.783741120757695586e-01
1.754801368061036648e-01
1.760063141278611076e-01
1.721915285451197097e-01
1.739016048408313642e-01
1.715338068929229132e-01
1.736385161799526566e-01
1.792949223888450627e-01
3.555643251775848501e-01
2.152065245987898057e-01
1.752170481452249573e-01
1.717968955538016484e-01
1.735069718495133029e-01
1.723230728755590635e-01
1.795580110497237702e-01
1.699552749276506403e-01
1.773217574322546730e-01
1.699552749276506403e-01
1.850828729281767948e-01
1.719284398842410022e-01
1.765324914496185227e-01
1.706129965798474091e-01
1.708760852407261444e-01
1.717968955538016484e-01
1.745593264930281607e-01
1.715338068929229132e-01
1.803472770323599206e-01
1.757432254669823724e-01
1.799526440410418315e-01
1.745593264930281607e-01
1.731123388581952138e-01
1.729807945277558601e-01
1.754801368061036648e-01
1.729807945277558601e-01
1.750855038147856035e-01
1.728492501973165063e-01
1.736385161799526566e-01
1.737700605103920104e-01
1.700868192580899940e-01
1.741646935017100994e-01
1.719284398842410022e-01
1.748224151539068683e-01
1.724546172059984450e-01
1.754801368061036648e-01
1.728492501973165063e-01
1.698237305972112587e-01
1.744277821625888070e-01
2.124440936595632934e-01
1.748224151539068683e-01
1.767955801104972580e-01
1.765324914496185227e-01
1.750855038147856035e-01
1.703499079189687015e-01
1.767955801104972580e-01
1.791633780584056812e-01
2.666403578005788200e-01
1.736385161799526566e-01
1.791633780584056812e-01
1.750855038147856035e-01
1.750855038147856035e-01
1.815311760063141322e-01
1.750855038147856035e-01
1.720599842146803560e-01
1.723230728755590635e-01
1.724546172059984450e-01
1.733754275190739491e-01
1.791633780584056812e-01
1.811365430149960709e-01
1.744277821625888070e-01
1.720599842146803560e-01
1.714022625624835594e-01
1.882399368587213961e-01
1.746908708234675145e-01
1.733754275190739491e-01
1.748224151539068683e-01
1.756116811365430186e-01
1.762694027887398152e-01
1.715338068929229132e-01
1.721915285451197097e-01
1.736385161799526566e-01
3.154433043935806480e-01
1.716653512233622947e-01
1.838989739542225832e-01
1.820573533280715750e-01
2.024467245461720744e-01
1.716653512233622947e-01
1.765324914496185227e-01
2.461194422520389669e-01
2.696658774006840398e-01
1.739016048408313642e-01
1.716653512233622947e-01
1.771902131018153193e-01
1.708760852407261444e-01
1.721915285451197097e-01
1.769271244409366117e-01
1.737700605103920104e-01
1.754801368061036648e-01
1.706129965798474091e-01
1.703499079189687015e-01
1.733754275190739491e-01
1.871875822152065383e-01
1.752170481452249573e-01
1.700868192580899940e-01
1.756116811365430186e-01
1.724546172059984450e-01
1.721915285451197097e-01
1.735069718495133029e-01
1.766640357800579042e-01
1.760063141278611076e-01
1.769271244409366117e-01
1.723230728755590635e-01
1.767955801104972580e-01
1.717968955538016484e-01
1.717968955538016484e-01
1.928439884240989444e-01
1.714022625624835594e-01
1.760063141278611076e-01
1.728492501973165063e-01
1.800841883714812131e-01
1.762694027887398152e-01
3.514864509339647447e-01
1.778479347540121158e-01
1.799526440410418315e-01
2.074454091028676839e-01
1.711391739016048519e-01
1.774533017626940268e-01
1.754801368061036648e-01
1.791633780584056812e-01
1.770586687713759655e-01
1.796895553801631240e-01
1.737700605103920104e-01
1.764009471191791689e-01
1.732438831886345676e-01
1.727177058668771525e-01
1.737700605103920104e-01
1.787687450670876199e-01
1.748224151539068683e-01
1.703499079189687015e-01
1.703499079189687015e-01
1.787687450670876199e-01
1.710076295711654981e-01
1.760063141278611076e-01
2.316495659037095534e-01
1.746908708234675145e-01
1.728492501973165063e-01
1.779794790844514696e-01
1.729807945277558601e-01
1.786372007366482662e-01
1.737700605103920104e-01
1.704814522494080553e-01
1.778479347540121158e-01
1.988950276243094117e-01
1.775848460931334083e-01
2.701920547224414548e-01
1.712707182320442056e-01
1.739016048408313642e-01
1.778479347540121158e-01
2.533543804262036736e-01
1.779794790844514696e-01
1.736385161799526566e-01
1.750855038147856035e-01
1.729807945277558601e-01
2.686135227571692097e-01
1.960010523546435179e-01
1.817942646671928675e-01
1.748224151539068683e-01
1.716653512233622947e-01
1.735069718495133029e-01
1.704814522494080553e-01
1.762694027887398152e-01
1.754801368061036648e-01
2.909760589318600710e-01
1.812680873454354247e-01
1.752170481452249573e-01
2.521704814522494065e-01
1.973164956590371111e-01
1.770586687713759655e-01
1.723230728755590635e-01
1.717968955538016484e-01
1.724546172059984450e-01
1.777163904235727621e-01
1.835043409629045219e-01
2.184951328597737608e-01
1.833727966324651404e-01
1.803472770323599206e-01
1.724546172059984450e-01
1.728492501973165063e-01
1.737700605103920104e-01
1.828466193107077253e-01
1.736385161799526566e-01
1.731123388581952138e-01
1.724546172059984450e-01
1.715338068929229132e-01
1.733754275190739491e-01
1.764009471191791689e-01
1.774533017626940268e-01
1.744277821625888070e-01
1.878453038674033349e-01
1.725861615364377988e-01
1.773217574322546730e-01
1.706129965798474091e-01
1.756116811365430186e-01
1.774533017626940268e-01
1.712707182320442056e-01
1.698237305972112587e-01
1.744277821625888070e-01
1.781110234148908233e-01
1.716653512233622947e-01
1.792949223888450627e-01
2.352012628255722437e-01
1.724546172059984450e-01
1.750855038147856035e-01
1.740331491712707179e-01
1.735069718495133029e-01
1.728492501973165063e-01
1.792949223888450627e-01
1.737700605103920104e-01
1.727177058668771525e-01
2.024467245461720744e-01
2.712444093659563404e-01
1.727177058668771525e-01
1.735069718495133029e-01
1.764009471191791689e-01
1.773217574322546730e-01
1.815311760063141322e-01
1.699552749276506403e-01
1.741646935017100994e-01
1.813996316758747784e-01
1.737700605103920104e-01
1.798210997106024778e-01
1.724546172059984450e-01
1.719284398842410022e-01
1.795580110497237702e-01
1.740331491712707179e-01
1.903446461457511396e-01
1.953433307024467491e-01
1.742962378321494532e-01
1.700868192580899940e-01
1.728492501973165063e-01
1.716653512233622947e-01
1.733754275190739491e-01
1.740331491712707179e-01
2.888713496448302998e-01
1.737700605103920104e-01
1.715338068929229132e-01
1.799526440410418315e-01
1.769271244409366117e-01
1.790318337279663274e-01
1.808734543541173634e-01
1.728492501973165063e-01
1.753485924756643111e-01
1.758747697974217539e-01
1.783741120757695586e-01
1.739016048408313642e-01
1.710076295711654981e-01
1.752170481452249573e-01
1.756116811365430186e-01
2.721652196790318445e-01
1.733754275190739491e-01
2.309918442515127845e-01
1.712707182320442056e-01
1.790318337279663274e-01
1.752170481452249573e-01
1.717968955538016484e-01
1.921862667719021478e-01
1.775848460931334083e-01
1.717968955538016484e-01
2.475664298868718860e-01
1.719284398842410022e-01
1.744277821625888070e-01
1.712707182320442056e-01
1.717968955538016484e-01
1.745593264930281607e-01
1.720599842146803560e-01
1.749539594843462498e-01
1.708760852407261444e-01
1.764009471191791689e-01
1.795580110497237702e-01
1.729807945277558601e-01
1.728492501973165063e-01
1.723230728755590635e-01
1.729807945277558601e-01
1.721915285451197097e-01
2.978163641147066887e-01
1.733754275190739491e-01
1.816627203367534860e-01
1.712707182320442056e-01
1.719284398842410022e-01
1.733754275190739491e-01
1.762694027887398152e-01
1.703499079189687015e-01
1.716653512233622947e-01
1.875822152065245996e-01
1.732438831886345676e-01
1.906077348066298471e-01
1.799526440410418315e-01
1.799526440410418315e-01
1.760063141278611076e-01
1.723230728755590635e-01
1.749539594843462498e-01
1.750855038147856035e-01
1.762694027887398152e-01
1.704814522494080553e-01
1.838989739542225832e-01
1.757432254669823724e-01
1.703499079189687015e-01
1.790318337279663274e-01
1.803472770323599206e-01
1.966587740068403145e-01
1.739016048408313642e-01
1.753485924756643111e-01
1.769271244409366117e-01
1.753485924756643111e-01
1.787687450670876199e-01
1.753485924756643111e-01
2.818995001315443560e-01
1.714022625624835594e-01
1.723230728755590635e-01
1.715338068929229132e-01
1.760063141278611076e-01
1.758747697974217539e-01
1.881083925282820424e-01
1.769271244409366117e-01
1.724546172059984450e-01
1.745593264930281607e-01
1.773217574322546730e-01
1.819258089976322212e-01
1.735069718495133029e-01
1.765324914496185227e-01
1.824519863193896363e-01
2.834780320968166567e-01
1.796895553801631240e-01
1.803472770323599206e-01
1.775848460931334083e-01
1.731123388581952138e-01
1.779794790844514696e-01
1.702183635885293478e-01
1.753485924756643111e-01
2.058668771375953832e-01
1.735069718495133029e-01
1.799526440410418315e-01
1.735069718495133029e-01
2.086293080768218955e-01
1.753485924756643111e-01
1.745593264930281607e-01
1.744277821625888070e-01
1.732438831886345676e-01
1.874506708760852458e-01
1.821888976585109288e-01
1.750855038147856035e-01
1.812680873454354247e-01
1.729807945277558601e-01
1.802157327019205668e-01
1.741646935017100994e-01
1.748224151539068683e-01
1.760063141278611076e-01
1.736385161799526566e-01
1.827150749802683716e-01
1.702183635885293478e-01
1.744277821625888070e-01
1.765324914496185227e-01
1.708760852407261444e-01
1.799526440410418315e-01
1.758747697974217539e-01
1.725861615364377988e-01
1.744277821625888070e-01
1.798210997106024778e-01
1.727177058668771525e-01
1.744277821625888070e-01
1.706129965798474091e-01
3.180741910023678343e-01
1.777163904235727621e-01
1.725861615364377988e-01
1.835043409629045219e-01
1.753485924756643111e-01
1.717968955538016484e-01
1.756116811365430186e-01
1.779794790844514696e-01
1.750855038147856035e-01
1.715338068929229132e-01
1.856090502499342376e-01
1.786372007366482662e-01
1.735069718495133029e-01
1.727177058668771525e-01
1.833727966324651404e-01
1.719284398842410022e-01
1.770586687713759655e-01
1.746908708234675145e-01
1.806103656932386281e-01
1.707445409102867906e-01
1.740331491712707179e-01
1.812680873454354247e-01
1.804788213627992743e-01
1.811365430149960709e-01
1.727177058668771525e-01
1.736385161799526566e-01
1.739016048408313642e-01
1.741646935017100994e-01
1.714022625624835594e-01
1.774533017626940268e-01
1.720599842146803560e-01
2.173112338858195491e-01
1.777163904235727621e-01
1.781110234148908233e-01
1.737700605103920104e-01
1.758747697974217539e-01
1.735069718495133029e-01
1.754801368061036648e-01
1.736385161799526566e-01
1.781110234148908233e-01
1.698237305972112587e-01
1.903446461457511396e-01
1.752170481452249573e-01
1.746908708234675145e-01
1.745593264930281607e-01
1.808734543541173634e-01
1.831097079715864329e-01
1.754801368061036648e-01
1.728492501973165063e-01
1.711391739016048519e-01
2.808471454880294704e-01
1.770586687713759655e-01
1.739016048408313642e-01
1.721915285451197097e-01
1.729807945277558601e-01
1.717968955538016484e-01
3.111023414890818350e-01
1.740331491712707179e-01
1.803472770323599206e-01
1.725861615364377988e-01
1.727177058668771525e-01
1.719284398842410022e-01
1.773217574322546730e-01
1.800841883714812131e-01
1.708760852407261444e-01
1.733754275190739491e-01
1.717968955538016484e-01
2.724283083399105521e-01
